0.000000000000000000e+00 2.658760798575543660e+01 1.350000000000000000e+02
0.000000000000000000e+00 2.568271920811523046e+01 1.400000000000000000e+02
0.000000000000000000e+00 2.630954049488142132e+01 1.450000000000000000e+02
0.000000000000000000e+00 2.705537996364392939e+01 1.500000000000000000e+02
0.000000000000000000e+00 2.810942706264614799e+01 1.550000000000000000e+02
0.000000000000000000e+00 2.931900074691164804e+01 1.600000000000000000e+02
0.000000000000000000e+00 3.061123046063304898e+01 1.650000000000000000e+02
0.000000000000000000e+00 3.230452079702911306e+01 1.700000000000000000e+02
0.000000000000000000e+00 3.353915598443602875e+01 1.750000000000000000e+02
0.000000000000000000e+00 3.448878552003648679e+01 1.800000000000000000e+02
0.000000000000000000e+00 3.467845313563280030e+01 1.850000000000000000e+02
0.000000000000000000e+00 3.417991881457079728e+01 1.900000000000000000e+02
0.000000000000000000e+00 3.153278431505966850e+01 1.950000000000000000e+02
0.000000000000000000e+00 1.304779525200382428e+00 2.000000000000000000e+02
0.000000000000000000e+00 6.302628090073349121e+00 2.050000000000000000e+02
0.000000000000000000e+00 9.671166137197209522e+00 2.100000000000000000e+02
0.000000000000000000e+00 1.317434570554748241e+01 2.150000000000000000e+02
0.000000000000000000e+00 2.027454411399061485e+01 2.200000000000000000e+02
