0.000000000000000000e+00 -2.658760798575543660e+01 1.350000000000000000e+02
0.000000000000000000e+00 -2.717755670960941572e+01 1.400000000000000000e+02
0.000000000000000000e+00 -2.722448089817931915e+01 1.450000000000000000e+02
0.000000000000000000e+00 -2.710964756911783979e+01 1.500000000000000000e+02
0.000000000000000000e+00 -2.695221487450284314e+01 1.550000000000000000e+02
0.000000000000000000e+00 -2.751536134331464467e+01 1.600000000000000000e+02
0.000000000000000000e+00 -2.968288446112824985e+01 1.650000000000000000e+02
0.000000000000000000e+00 -3.251083660394417763e+01 1.700000000000000000e+02
0.000000000000000000e+00 -3.590998939247912602e+01 1.750000000000000000e+02
0.000000000000000000e+00 -3.448878552003648679e+01 1.800000000000000000e+02
0.000000000000000000e+00 -4.210969222818182089e+01 1.850000000000000000e+02
0.000000000000000000e+00 -4.530780132118736958e+01 1.900000000000000000e+02
0.000000000000000000e+00 -4.770278925560272398e+01 1.950000000000000000e+02
0.000000000000000000e+00 -4.993712187046017448e+01 2.000000000000000000e+02
0.000000000000000000e+00 -5.164619368776223496e+01 2.050000000000000000e+02
0.000000000000000000e+00 -5.236984097175060526e+01 2.100000000000000000e+02
0.000000000000000000e+00 -5.226040733981554354e+01 2.150000000000000000e+02
0.000000000000000000e+00 -2.312111461426049175e+01 2.200000000000000000e+02
