-1.823576315431387584e+01 0.000000000000000000e+00 1.350000000000000000e+02
-1.881907054252185674e+01 0.000000000000000000e+00 1.400000000000000000e+02
-1.938119211834343147e+01 0.000000000000000000e+00 1.450000000000000000e+02
-1.990515577807079239e+01 0.000000000000000000e+00 1.500000000000000000e+02
-2.039620576334736413e+01 0.000000000000000000e+00 1.550000000000000000e+02
-2.141793023099763715e+01 0.000000000000000000e+00 1.600000000000000000e+02
-2.271351414576981043e+01 0.000000000000000000e+00 1.650000000000000000e+02
-2.375266960948708572e+01 0.000000000000000000e+00 1.700000000000000000e+02
-2.515803059218580984e+01 0.000000000000000000e+00 1.750000000000000000e+02
-2.639723498330132401e+01 0.000000000000000000e+00 1.800000000000000000e+02
-2.793250749442696446e+01 0.000000000000000000e+00 1.850000000000000000e+02
-2.959618703203253176e+01 0.000000000000000000e+00 1.900000000000000000e+02
-3.121211243984026140e+01 0.000000000000000000e+00 1.950000000000000000e+02
-3.279477632035408163e+01 0.000000000000000000e+00 2.000000000000000000e+02
-3.453757021931490812e+01 0.000000000000000000e+00 2.050000000000000000e+02
-3.631489636597122939e+01 0.000000000000000000e+00 2.100000000000000000e+02
-3.830678610213766433e+01 0.000000000000000000e+00 2.150000000000000000e+02
-4.003775430016647618e+01 0.000000000000000000e+00 2.200000000000000000e+02
