1.772486045792857112e+01 0.000000000000000000e+00 1.350000000000000000e+02
1.812087899643610456e+01 0.000000000000000000e+00 1.400000000000000000e+02
1.864455305968724019e+01 0.000000000000000000e+00 1.450000000000000000e+02
1.905350398886675123e+01 0.000000000000000000e+00 1.500000000000000000e+02
1.970258612046306723e+01 0.000000000000000000e+00 1.550000000000000000e+02
2.058658053445987335e+01 0.000000000000000000e+00 1.600000000000000000e+02
2.130968578933837776e+01 0.000000000000000000e+00 1.650000000000000000e+02
2.122530001836863534e+01 0.000000000000000000e+00 1.700000000000000000e+02
1.981284830318264767e+01 0.000000000000000000e+00 1.750000000000000000e+02
1.664380913207164880e+01 0.000000000000000000e+00 1.800000000000000000e+02
1.219061988308501299e+01 0.000000000000000000e+00 1.850000000000000000e+02
7.032475404736082680e+00 0.000000000000000000e+00 1.900000000000000000e+02
2.763386101250776772e+00 0.000000000000000000e+00 1.950000000000000000e+02
-4.887805812387659432e-01 0.000000000000000000e+00 2.000000000000000000e+02
-3.168645579475087182e+00 0.000000000000000000e+00 2.050000000000000000e+02
-5.620796736435706542e+00 0.000000000000000000e+00 2.100000000000000000e+02
-7.368002682796788605e+00 0.000000000000000000e+00 2.150000000000000000e+02
-8.633092761877446009e+00 0.000000000000000000e+00 2.200000000000000000e+02
