2.727345864449021917e+01 0.000000000000000000e+00 0.000000000000000000e+00
2.691890268392404550e+01 0.000000000000000000e+00 5.000000000000000000e+00
2.613573764345498773e+01 0.000000000000000000e+00 1.000000000000000000e+01
2.563738662473267738e+01 0.000000000000000000e+00 1.500000000000000000e+01
2.503825295055617062e+01 0.000000000000000000e+00 2.000000000000000000e+01
2.421279500945250263e+01 0.000000000000000000e+00 2.500000000000000000e+01
2.358257004448813632e+01 0.000000000000000000e+00 3.000000000000000000e+01
2.244006080184210106e+01 0.000000000000000000e+00 3.500000000000000000e+01
2.173016374573581189e+01 0.000000000000000000e+00 4.000000000000000000e+01
2.127624888423094163e+01 0.000000000000000000e+00 4.500000000000000000e+01
2.062643075299378737e+01 0.000000000000000000e+00 5.000000000000000000e+01
2.004364063041463595e+01 0.000000000000000000e+00 5.500000000000000000e+01
1.973425635020919700e+01 0.000000000000000000e+00 6.000000000000000000e+01
1.940455981987797074e+01 0.000000000000000000e+00 6.500000000000000000e+01
1.879199143353149992e+01 0.000000000000000000e+00 7.000000000000000000e+01
1.837689185965922789e+01 0.000000000000000000e+00 7.500000000000000000e+01
1.800070375522772181e+01 0.000000000000000000e+00 8.000000000000000000e+01
1.758413663798623361e+01 0.000000000000000000e+00 8.500000000000000000e+01
1.738006931375706898e+01 0.000000000000000000e+00 9.000000000000000000e+01
1.721196542187133360e+01 0.000000000000000000e+00 9.500000000000000000e+01
1.698458749510592725e+01 0.000000000000000000e+00 1.000000000000000000e+02
1.675824657058726075e+01 0.000000000000000000e+00 1.050000000000000000e+02
1.668666146501752223e+01 0.000000000000000000e+00 1.100000000000000000e+02
1.674518231375048316e+01 0.000000000000000000e+00 1.150000000000000000e+02
1.695394065352838453e+01 0.000000000000000000e+00 1.200000000000000000e+02
1.721270144606946317e+01 0.000000000000000000e+00 1.250000000000000000e+02
1.757591273998916748e+01 0.000000000000000000e+00 1.300000000000000000e+02
1.772486045792857112e+01 0.000000000000000000e+00 1.350000000000000000e+02
1.812087899643610456e+01 0.000000000000000000e+00 1.400000000000000000e+02
1.864455305968724019e+01 0.000000000000000000e+00 1.450000000000000000e+02
1.905350398886675123e+01 0.000000000000000000e+00 1.500000000000000000e+02
1.970258612046306723e+01 0.000000000000000000e+00 1.550000000000000000e+02
2.058658053445987335e+01 0.000000000000000000e+00 1.600000000000000000e+02
2.130968578933837776e+01 0.000000000000000000e+00 1.650000000000000000e+02
2.122530001836863534e+01 0.000000000000000000e+00 1.700000000000000000e+02
1.981284830318264767e+01 0.000000000000000000e+00 1.750000000000000000e+02
1.664380913207164880e+01 0.000000000000000000e+00 1.800000000000000000e+02
1.219061988308501299e+01 0.000000000000000000e+00 1.850000000000000000e+02
7.032475404736082680e+00 0.000000000000000000e+00 1.900000000000000000e+02
2.763386101250776772e+00 0.000000000000000000e+00 1.950000000000000000e+02
-4.887805812387659432e-01 0.000000000000000000e+00 2.000000000000000000e+02
-3.168645579475087182e+00 0.000000000000000000e+00 2.050000000000000000e+02
-5.620796736435706542e+00 0.000000000000000000e+00 2.100000000000000000e+02
-7.368002682796788605e+00 0.000000000000000000e+00 2.150000000000000000e+02
-8.633092761877446009e+00 0.000000000000000000e+00 2.200000000000000000e+02
-9.610719244630596236e+00 0.000000000000000000e+00 2.250000000000000000e+02
-1.025114157861120390e+01 0.000000000000000000e+00 2.300000000000000000e+02
-1.114143693339356034e+01 0.000000000000000000e+00 2.350000000000000000e+02
