-2.590342395964037792e+01 0.000000000000000000e+00 0.000000000000000000e+00
-2.571904946720291818e+01 0.000000000000000000e+00 5.000000000000000000e+00
-2.533777763282877871e+01 0.000000000000000000e+00 1.000000000000000000e+01
-2.497287001518140315e+01 0.000000000000000000e+00 1.500000000000000000e+01
-2.449730374910799569e+01 0.000000000000000000e+00 2.000000000000000000e+01
-2.391421312517314490e+01 0.000000000000000000e+00 2.500000000000000000e+01
-2.352039949635330629e+01 0.000000000000000000e+00 3.000000000000000000e+01
-2.314955872622228128e+01 0.000000000000000000e+00 3.500000000000000000e+01
-2.277399765032198076e+01 0.000000000000000000e+00 4.000000000000000000e+01
-2.217193575856877530e+01 0.000000000000000000e+00 4.500000000000000000e+01
-2.180535124796202240e+01 0.000000000000000000e+00 5.000000000000000000e+01
-2.147225308001508282e+01 0.000000000000000000e+00 5.500000000000000000e+01
-2.111342645970307430e+01 0.000000000000000000e+00 6.000000000000000000e+01
-2.068594441677624474e+01 0.000000000000000000e+00 6.500000000000000000e+01
-2.051313300874135237e+01 0.000000000000000000e+00 7.000000000000000000e+01
-2.016896641898539144e+01 0.000000000000000000e+00 7.500000000000000000e+01
-1.992582878491043274e+01 0.000000000000000000e+00 8.000000000000000000e+01
-1.965116382543488882e+01 0.000000000000000000e+00 8.500000000000000000e+01
-1.940822737992176883e+01 0.000000000000000000e+00 9.000000000000000000e+01
-1.902800812433249789e+01 0.000000000000000000e+00 9.500000000000000000e+01
-1.870697142839096827e+01 0.000000000000000000e+00 1.000000000000000000e+02
-1.835583852035153640e+01 0.000000000000000000e+00 1.050000000000000000e+02
-1.806820640157672742e+01 0.000000000000000000e+00 1.100000000000000000e+02
-1.778791702667753327e+01 0.000000000000000000e+00 1.150000000000000000e+02
-1.753238502595317883e+01 0.000000000000000000e+00 1.200000000000000000e+02
-1.755035552488883255e+01 0.000000000000000000e+00 1.250000000000000000e+02
-1.781293140681357556e+01 0.000000000000000000e+00 1.300000000000000000e+02
-1.823576315431387584e+01 0.000000000000000000e+00 1.350000000000000000e+02
-1.881907054252185674e+01 0.000000000000000000e+00 1.400000000000000000e+02
-1.938119211834343147e+01 0.000000000000000000e+00 1.450000000000000000e+02
-1.990515577807079239e+01 0.000000000000000000e+00 1.500000000000000000e+02
-2.039620576334736413e+01 0.000000000000000000e+00 1.550000000000000000e+02
-2.141793023099763715e+01 0.000000000000000000e+00 1.600000000000000000e+02
-2.271351414576981043e+01 0.000000000000000000e+00 1.650000000000000000e+02
-2.375266960948708572e+01 0.000000000000000000e+00 1.700000000000000000e+02
-2.515803059218580984e+01 0.000000000000000000e+00 1.750000000000000000e+02
-2.639723498330132401e+01 0.000000000000000000e+00 1.800000000000000000e+02
-2.793250749442696446e+01 0.000000000000000000e+00 1.850000000000000000e+02
-2.959618703203253176e+01 0.000000000000000000e+00 1.900000000000000000e+02
-3.121211243984026140e+01 0.000000000000000000e+00 1.950000000000000000e+02
-3.279477632035408163e+01 0.000000000000000000e+00 2.000000000000000000e+02
-3.453757021931490812e+01 0.000000000000000000e+00 2.050000000000000000e+02
-3.631489636597122939e+01 0.000000000000000000e+00 2.100000000000000000e+02
-3.830678610213766433e+01 0.000000000000000000e+00 2.150000000000000000e+02
-4.003775430016647618e+01 0.000000000000000000e+00 2.200000000000000000e+02
-3.946268877444956047e+01 0.000000000000000000e+00 2.250000000000000000e+02
-3.858141288379778189e+01 0.000000000000000000e+00 2.300000000000000000e+02
-3.778844678124367817e+01 0.000000000000000000e+00 2.350000000000000000e+02
