0.000000000000000000e+00 2.824083008818777785e+01 0.000000000000000000e+00
0.000000000000000000e+00 2.861728768226322117e+01 5.000000000000000000e+00
0.000000000000000000e+00 2.856640260843789747e+01 1.000000000000000000e+01
0.000000000000000000e+00 2.852791576314196575e+01 1.500000000000000000e+01
0.000000000000000000e+00 2.850934728759277448e+01 2.000000000000000000e+01
0.000000000000000000e+00 2.836687259054900068e+01 2.500000000000000000e+01
0.000000000000000000e+00 2.816496504649959931e+01 3.000000000000000000e+01
0.000000000000000000e+00 2.811904207914218645e+01 3.500000000000000000e+01
0.000000000000000000e+00 2.796931123036710076e+01 4.000000000000000000e+01
0.000000000000000000e+00 2.775460571821666278e+01 4.500000000000000000e+01
0.000000000000000000e+00 2.767430931886083201e+01 5.000000000000000000e+01
0.000000000000000000e+00 2.763168855145789848e+01 5.500000000000000000e+01
0.000000000000000000e+00 2.750544197694697246e+01 6.000000000000000000e+01
0.000000000000000000e+00 2.737310918525485448e+01 6.500000000000000000e+01
0.000000000000000000e+00 2.731954691254059853e+01 7.000000000000000000e+01
0.000000000000000000e+00 2.721809959806542167e+01 7.500000000000000000e+01
0.000000000000000000e+00 2.682912219010610499e+01 8.000000000000000000e+01
0.000000000000000000e+00 2.728524770474904315e+01 8.500000000000000000e+01
0.000000000000000000e+00 2.712762365740572790e+01 9.000000000000000000e+01
0.000000000000000000e+00 2.697902244787533022e+01 9.500000000000000000e+01
0.000000000000000000e+00 2.683493057718083463e+01 1.000000000000000000e+02
0.000000000000000000e+00 2.672939326156851791e+01 1.050000000000000000e+02
0.000000000000000000e+00 2.650371860902677312e+01 1.100000000000000000e+02
0.000000000000000000e+00 2.599018302740513775e+01 1.150000000000000000e+02
0.000000000000000000e+00 2.587378915904898946e+01 1.200000000000000000e+02
0.000000000000000000e+00 2.536603622897056454e+01 1.250000000000000000e+02
0.000000000000000000e+00 2.532468185920365045e+01 1.300000000000000000e+02
0.000000000000000000e+00 2.554938838670462431e+01 1.350000000000000000e+02
0.000000000000000000e+00 2.568271920811523046e+01 1.400000000000000000e+02
0.000000000000000000e+00 2.630954049488142132e+01 1.450000000000000000e+02
0.000000000000000000e+00 2.705537996364392939e+01 1.500000000000000000e+02
0.000000000000000000e+00 2.810942706264614799e+01 1.550000000000000000e+02
0.000000000000000000e+00 2.931900074691164804e+01 1.600000000000000000e+02
0.000000000000000000e+00 3.061123046063304898e+01 1.650000000000000000e+02
0.000000000000000000e+00 3.230452079702911306e+01 1.700000000000000000e+02
0.000000000000000000e+00 3.353915598443602875e+01 1.750000000000000000e+02
0.000000000000000000e+00 3.448878552003648679e+01 1.800000000000000000e+02
0.000000000000000000e+00 3.467845313563280030e+01 1.850000000000000000e+02
0.000000000000000000e+00 3.417991881457079728e+01 1.900000000000000000e+02
0.000000000000000000e+00 3.153278431505966850e+01 1.950000000000000000e+02
0.000000000000000000e+00 1.304779525200382428e+00 2.000000000000000000e+02
0.000000000000000000e+00 6.302628090073349121e+00 2.050000000000000000e+02
0.000000000000000000e+00 9.671166137197209522e+00 2.100000000000000000e+02
0.000000000000000000e+00 1.317434570554748241e+01 2.150000000000000000e+02
0.000000000000000000e+00 2.027454411399061485e+01 2.200000000000000000e+02
0.000000000000000000e+00 2.479080292686132836e+00 2.250000000000000000e+02
0.000000000000000000e+00 5.720910601312663157e-01 2.300000000000000000e+02
0.000000000000000000e+00 9.817717202427720835e+00 2.350000000000000000e+02
