0.000000000000000000e+00 -2.891021289354927859e+01 0.000000000000000000e+00
0.000000000000000000e+00 -2.820440742138795542e+01 5.000000000000000000e+00
0.000000000000000000e+00 -2.761130461115311618e+01 1.000000000000000000e+01
0.000000000000000000e+00 -2.695203117506118318e+01 1.500000000000000000e+01
0.000000000000000000e+00 -2.635435392458544612e+01 2.000000000000000000e+01
0.000000000000000000e+00 -2.560269951582931114e+01 2.500000000000000000e+01
0.000000000000000000e+00 -2.531397611725595098e+01 3.000000000000000000e+01
0.000000000000000000e+00 -2.492936181539320728e+01 3.500000000000000000e+01
0.000000000000000000e+00 -2.471993319668567324e+01 4.000000000000000000e+01
0.000000000000000000e+00 -2.438726941398227765e+01 4.500000000000000000e+01
0.000000000000000000e+00 -2.393355175905900012e+01 5.000000000000000000e+01
0.000000000000000000e+00 -2.373244111314495441e+01 5.500000000000000000e+01
0.000000000000000000e+00 -2.369658466126639595e+01 6.000000000000000000e+01
0.000000000000000000e+00 -2.367647656456842498e+01 6.500000000000000000e+01
0.000000000000000000e+00 -2.358968561009164944e+01 7.000000000000000000e+01
0.000000000000000000e+00 -2.361594710215007353e+01 7.500000000000000000e+01
0.000000000000000000e+00 -2.368928526373839460e+01 8.000000000000000000e+01
0.000000000000000000e+00 -2.390845787808030565e+01 8.500000000000000000e+01
0.000000000000000000e+00 -2.401159160450544405e+01 9.000000000000000000e+01
0.000000000000000000e+00 -2.405599511753464981e+01 9.500000000000000000e+01
0.000000000000000000e+00 -2.393594105573425068e+01 1.000000000000000000e+02
0.000000000000000000e+00 -2.442657961639249464e+01 1.050000000000000000e+02
0.000000000000000000e+00 -2.472541513831071214e+01 1.100000000000000000e+02
0.000000000000000000e+00 -2.485591423910325304e+01 1.150000000000000000e+02
0.000000000000000000e+00 -2.552739466050232409e+01 1.200000000000000000e+02
0.000000000000000000e+00 -2.622768507799935023e+01 1.250000000000000000e+02
0.000000000000000000e+00 -2.661088848472130408e+01 1.300000000000000000e+02
0.000000000000000000e+00 -2.658760798575543660e+01 1.350000000000000000e+02
0.000000000000000000e+00 -2.717755670960941572e+01 1.400000000000000000e+02
0.000000000000000000e+00 -2.722448089817931915e+01 1.450000000000000000e+02
0.000000000000000000e+00 -2.710964756911783979e+01 1.500000000000000000e+02
0.000000000000000000e+00 -2.695221487450284314e+01 1.550000000000000000e+02
0.000000000000000000e+00 -2.751536134331464467e+01 1.600000000000000000e+02
0.000000000000000000e+00 -2.968288446112824985e+01 1.650000000000000000e+02
0.000000000000000000e+00 -3.251083660394417763e+01 1.700000000000000000e+02
0.000000000000000000e+00 -3.590998939247912602e+01 1.750000000000000000e+02
0.000000000000000000e+00 -3.902628529721282291e+01 1.800000000000000000e+02
0.000000000000000000e+00 -4.210969222818182089e+01 1.850000000000000000e+02
0.000000000000000000e+00 -4.530780132118736958e+01 1.900000000000000000e+02
0.000000000000000000e+00 -4.770278925560272398e+01 1.950000000000000000e+02
0.000000000000000000e+00 -4.993712187046017448e+01 2.000000000000000000e+02
0.000000000000000000e+00 -5.164619368776223496e+01 2.050000000000000000e+02
0.000000000000000000e+00 -5.236984097175060526e+01 2.100000000000000000e+02
0.000000000000000000e+00 -5.226040733981554354e+01 2.150000000000000000e+02
0.000000000000000000e+00 -2.312111461426049175e+01 2.200000000000000000e+02
0.000000000000000000e+00 2.479080292686132836e+00 2.250000000000000000e+02
0.000000000000000000e+00 5.720910601312663157e-01 2.300000000000000000e+02
0.000000000000000000e+00 9.817717202427720835e+00 2.350000000000000000e+02
